
4078924813797313
4078924813797313
4078924813797313
4078924813797313
4078924813797313
4078924813797313
4078924813797313
4078924813797313
4078924813797313
4078924813797313
4078924813797313
4078924813797313
4078924813797313
4078924813797313
4078924813797313
4078924813797313
4078924813797313
4078924813797313
4078924813797313
4078924813797313
4078924813797313
4078924813797313
4078924813797313
4078924813797313
4078924813797313
4078924813797313
4078924813797313
4078924813797313
4078924813797313
4078924813797313
4078924813797313
4078924813797313
4078924813797313
4078924813797313
4078924813797313
4078924813797313
4078924813797313
4078924813797313
4078924813797313
4078924813797313
4078924813797313
4078924813797313
4078924813797313
4078924813797313
4078924813797313
4078924813797313
4078924813797313
4078924813797313
4078924813797313
4078924813797313
4078924813797313